10017,将军的信笺,6,a4e17,传令官送来的将军亲笔书信，上面似乎写着什么机密内容,0,999,0,0,0,0
10018,破败长剑,6,a4e17,装饰古朴的剑，似乎被什么邪恶之气侵蚀过,0,999,0,0,0,0
10019,灵魂之凝,6,a4e17,漫无目的的游魂残留下来的灵魂碎片,0,999,0,0,0,0
10020,山神令牌·壹,6,a4e17,济山一带山神所持有的令牌,0,999,0,0,0,0
10021,山神令牌·贰,6,a4e17,薄山一带山神所持有的令牌,0,999,0,0,0,0
10022,山神令牌·叁,6,a4e17,中山一带山神所持有的令牌,0,999,0,0,0,0
10023,山神令牌·肆,6,a4e17,厘山一带山神所持有的令牌,0,999,0,0,0,0
10024,山神令牌·伍,6,a4e17,苦山一带山神所持有的令牌,0,999,0,0,0,0
10025,山神令牌·陆,6,a4e17,荆山一带山神所持有的令牌,0,999,0,0,0,0
10026,山神令牌·柒,6,a4e17,首阳山一带山神所持有的令牌,0,999,0,0,0,0
10027,山神令牌·捌,6,a4e17,洞庭山一带山神所持有的令牌,0,999,0,0,0,0