10001,士兵铁盔,6,a4e1,提升自身10%防御力,0.1,999,0,0,0,0
10002,锈蚀之匕,6,a4e2,提升自身10%攻击力,0.1,999,0,0,0,0
10003,荆棘甲,6,a4e3,反弹%5收到的伤害,0.05,999,0,0,0,damage_rebound
10004,生命魂石,6,a4e4,提高10%的基础生命值,0.1,999,0,0,0,0
10005,箨,6,a4e5,每回合回复5%的生命值,0.05,999,0,0,0,hp_add
10006,帝屋,6,a4e6,提高10%攻击力，但降低10%防御力,0.1,999,0,0,0,0
10007,枥木,6,a4e7,为所有状态卡延长1回合的持续时间,1,999,0,0,0,0
10008,亢木之果,6,a4e8,免疫火属性伤害,0,999,0,0,0,0
10009,崌草,6,a4e9,提升20%的逃跑成功率,0.2,999,0,0,0,0
10010,细辛果,6,a4e10,提高10%防御力，但降低10%攻击力,0.1,999,0,0,0,0
10011,雕棠,6,a4e11,提高50%攻击力，但每回合降低10%的当前生命值,0.5,999,0,0,0,hp_sub
10013,镇山护符,6,a4e13,血量降低到1时，回复全部生命值,0,999,0,0,0,0
10014,影之灵龛,6,a4e14,在本局对战中，每杀死一个敌人，则提升10%的攻击和10%的防御,0.1,999,0,0,0,0
10015,幽魂盾牌,6,a4e15,提高200%防御力，但降低50%的生命值上限,2,999,0,0,0,0
10016,嗜血面具,6,a4e16,造成伤害的20%回复生命值,0.2,999,0,0,0,0