1001,qianyang,羬羊,12,8,40,[1002],0,有兽焉，其状如羊而马尾，其脂可以已腊。,0
1002,minniao,鴖鸟,15,6,35,[1001],0,其状如翠而赤喙，可以御火。,0
1003,wenyaoyu,文鳐鱼,17,12,72,[1001 1002],0,常行西海，游于东海，以夜飞。其音如鸾鸡，其味酸甘，食之已狂，见则天下大穰。,0
1004,mingshe,鸣蛇,24,12,64,[1001 1003],0,其状如蛇而四翼，其音如磬，见则其邑大旱。,0
1005,huashe,化蛇,28,8,80,[1001 1003 1004 1009],0,其状如人面而豺身，鸟翼而蛇行，其音如叱呼，见则其邑大水。,0
1006,chi,蚳,12,16,70,[1001 1002 1005 1007],0,其状如彘而有角，其音如号，食之不眯。,0
1007,zhi,鼅,15,8,50,[1001],0,其状如鼠而文题，食之已瘿。,0
1008,mafu,马腹,22,8,70,[1001 1003 1004],0,其状如人面虎身，其音如婴儿，是食人。,0
1009,haoyu,豪鱼,16,8,60,[1001 1008],0,状如鲔，赤喙尾赤羽，可以已白癣。,0
1010,fuzhu,夫诸,20,18,70,[1001 1006 1007 1008 1010],0,其状如白鹿而四角，见则其邑大水。,0
1011,feiyu,飞鱼,25,5,40,[1001 1003],0,其状如豚而赤文，服之不畏雷，可以御兵。,0
1012,xiqu,犀渠,25,22,100,[1001 1002 1007],0,有兽焉，其状如牛，苍身，其音如婴儿，是食人。,0
1013,xie,獬,22,24,70,[1001 1003 1006],0,其状如獳犬而有鳞，其毛如彘鬣。,0
1014,ruquan,獳犬,16,12,65,[1001 1003],0,怒犬也。,0
1015,shangao,山膏,18,40,120,[1001 1002 1003 1006],0,其状如逐，赤若丹火，善詈。,0
1016,wenwen,文文,40,5,40,[1001],0,有兽焉，其状如蜂，枝尾而反舌，善呼。,0
1017,jiaoyu,鲛鱼,30,20,70,[1001 1003 1004],0,似鱼，眼青颊赤，背长毛，腹有翅。,0
1018,lvmi,闾麋,40,16,100,[1001 1007 1008 1009],0,有兽焉，其状如马，而羊目，四角，牛毛。,0
1019,zhen,鸩,40,12,65,[1001 1003],0,毒鸟也，黑身赤目。,0
1020,zhiniao,雉,25,15,70,[1001 1002],0,长尾而赤绿羽。,0
1021,tuolong,鼍龙,30,32,160,[1001 1002 1006 1007],0,似蜥蜴，长丈所，从龟单声。,0
1022,kuiniu,夔牛,30,45,200,[1001 1002 1008 1009],0,状如牛，苍身而无角，一足，出入水则必有风雨，其光如日月，其声如雷。,0
1023,yingshao,婴勺,40,16,100,[1001 1003 1004 1005],0,其状如鹊，赤目、赤喙、白身，其尾若勺，其鸣自呼。,0
1024,wenlin,闻獜,35,35,120,[1001 1004 1005 1008],0,有兽焉，其状如彘，黄身、白头、白尾，见则天下大风。,0
1025,liangqu,梁渠,40,30,120,[1001 1002 1003 1008],0,有兽焉，其状如狸而白首虎爪，见则其国有大兵。,0
1026,gui,蛫,25,48,160,[1001 1002 1005 1007],0,有兽焉，其状如龟而白身赤首，是可以御火。,0
2001,boss_jishan,济山山神,50,30,200,[1001 1002 1003 1006 1007],0,其神皆人面而鸟身。祠用毛，用一吉玉，投而不糈。,0
2002,boss_zhulong,烛龙,70,40,300,[1001 1003 1004 1006 1007 1009],0,视为昼，瞑为夜，吹为冬，呼为夏，不饮，不食，不息，息为风。身长千里。在无之东。,0
2003,boss_xunchi,熏池,70,50,400,[1001 1002 1004 1005 1009],0,皆一牡羊副，婴用吉玉。,0
2004,boss_shuhu,孰湖,80,50,400,[1001 1002 1005 1007],0,崦嵫之山有兽焉，其状马身而鸟翼，人面蛇尾，是好举人。,0
2005,boss_yuqiang,禺强,85,60,500,[1001 1003 1004 1006],0,北海之渚中，有神，人面鸟身，珥两青蛇，践两赤蛇。,0
2006,boss_jingshan,荆山山神,90,70,600,[1001 1003 1006 1010],0,神状皆鸟身而人面。其祠，用一雄鸡祈瘗，用一藻圭，糈，用稌。,0
2007,boss_shouyangshan,首阳山山神,90,80,600,[1001 1002 1005 1007],0,神状皆龙身而人面。其祠之，毛用一雄鸡瘗，糈用五种之糈。,0
2008,boss_dongtingshan,洞庭山山神,90,80,700,[1001 1004 1006 1007],0,其神状皆鸟身而龙首。其祠，毛用一雄鸡、一牝豚，糈用徐。,0
2009,boss_suanyu,酸与,90,40,480,[1001 1003 1004 1005 1009],0,其状如蛇，而四翼、六目、三足，名曰酸与。其鸣自叫，见则其邑有恐。,0
2010,boss_taifeng,泰逢,80,50,450,[1001 1003 1004 1008 1009],0,吉神泰逢，其状如人而虎尾，是好居于山之阳，出入有光。泰逢神动天地气也。,0
2011,boss_weishen,围神,95,45,600,[1001 1003 1004 1005],0,其状如人面，羊角虎爪，恒游于雎漳之渊，出入有光。,0
2012,boss_jimeng,计蒙,100,50,550,[1001 1002 1005 1009],0,神计蒙处之，其状人身而龙首，恒游于漳渊，出入必有飘风暴雨。,0
2013,boss_lei,类,95,60,550,[1001 1002 1005 1008 1009],0,其状如狸而有髦，其名曰类，自为牝牡，食者不妒。,0
2014,boss_zheng,狰,100,70,750,[1001 1003 1004 1006],0,四皇移位，天降赤心。逐天下，服四兽，然者狰也。,0
2015,boss_yaodi,尧帝二女,120,100,1000,[1001 1006 1007 1008 1009 1010],0,帝之二女，是常游于江渊。澧、沅之风，交潇湘之渊，是在九江之间，出入必以飘风暴雨。,0