scence2 0 0
0-1 0 0 0 0 0 0
1-1 6.95 0.08 3.64 -3.43 0.49 -2.14 -2.04 1.99 -5.16 0.8 -5.21 -2.07
1-2 -5.16 -2.07 -5.19 2.73 -2.82 1.48 -0.49 2.82 1.42 1.17 3.49 -1.06 7.41 1.99
1-3 -6.48 2.22 -2.89 1.97 -4.13 -1.67 1.37 1.1 6.06 -2.48
1-4 6.58 3.3 5.43 0.48 3.3 2.02 -0.3 -3.54 -1.47 -0.56 -4.68 1.85 -5.31 -1.47
1-5 -6.88 3.09 -5.77 0.48 -3.38 -2.44 -1.83 0.27 -0.04 -2.47 2.02 3.27 5.27 3.27 6.63 1.02 7.11 -1.39
1-6 -5.14 -0.18 -5.33 2.42 -1.49 2.4 1.73 1.04 5.3 0.14 -4.19 -2.01 -1.54 -0.71 1.11 -3.04 3.92 -3.04 7.29 -3.68
1-7 -4.63 -2.15 -5.63 1.16 -3.11 3.17 -1.22 1.04 -0.26 -3.36 1.57 -0.48 4.2 3.26 6.13 -1.5
1-8 -5.47 -2.05 -4.76 0.58 -4.97 3.45 -0.54 0.38 -3.05 -2.26 0.44 -2.4 3.36 -1.46 3.89 4.04 6.06 3.42 4.54 1.12 6.88 -1.47
2-1 -3.65 -0.98 -0.32 1.96 4.14 1.19 2.52 -2.11
2-2 -2.29 -0.31 2.91 -0.1
2-3 -1.33 1.91 0.41 -2.47
3-1 -4.19 -1.96 -0.41 0.77 3.58 -0.31
3-2 -4.14 -0.31 5.02 -1.84
3-3 -5.64 -1.84 -3.63 1.19 0.3 -0.19 4.54 0.77 5.2 -2.56
4-1 -4.26 1.28 3.37 0.29
4-2 -4.02 -1.03 -0.12 1.01 4.98 -2.26
7-1 -3.46 -1.48 -0.82 0.92 3.42 2.12
7-2 -3.64 1.28 4.26 -0.25
7-3 4.56 -2.14 0.09 -1.03
7-4 -3.94 0.14 5.25 1.88
8-1 -5.14 -2.15 0.87 2.23
8-2 -4.75 -0.17 0.45 -1.91 4.93 0.25
8-3 -2.52 -2.25 0.75 0.39 5.14 -2.61
9-1 -5.61 1.05 -1.1 -2.43 5.51 -1.23
9-2 -5.6 -2.28 -2.15 -0.42 2.81 -2.67
10-1 -5.39 -2.67 -0.22 -1.32 5.04 1.98
10-2 -4.45 2.52 -0.7 -0.18 5.16 -1.2
11-1 -4.33 -2.4 4.71 -0.93
11-2 -2.41 -0.93 -0.07 1.08 4.01 -2.46
11-3 -5.12 -0.45 -0.65 -2.4 1.39 2.95 5.02 1.39
12-1 -4.83 2.05 -2.4 -0.26 4.93 2.2 4.93 -2.79
12-2 -4.77 -2.01 -1.14 0.72 4.57 -1.98
12-3 -1.68 0.99 -5.46 -2.52 1.12 -2.52 3.76 2.29 5.71 -0.2